Matriz simetrica

 10.000000  -2.000000  -1.000000  -1.000000 = 3.000000
 -2.000000  10.000000  -1.000000  -1.000000 = 15.000000
 -1.000000  -1.000000  10.000000  -2.000000 = 27.000000
 -1.000000  -1.000000  -2.000000  10.000000 = -9.000000


Matriz L

 3.162278  0.000000  0.000000  0.000000 = 0.948683
 -0.632456  3.098387  0.000000  0.000000 = 5.034878
 -0.316228  -0.387298  3.122499  0.000000 = 9.367497
 -0.316228  -0.387298  -0.720577  3.038218 = 0.000000


Matriz Lt

 3.162278  -0.632456  -0.316228  -0.316228  = 1.000000
 0.000000  3.098387  -0.387298  -0.387298  = 2.000000
 0.000000  0.000000  3.122499  -0.720577  = 3.000000
 0.000000  0.000000  0.000000  3.038218  = 0.000000


