1*x^2 + 0*x^1 + -4.00

a = 1.000000
b = 3.000000

 i	   a		 b	 f(a)	     f(b)	     Xn	       error
 1     1.000000     3.000000   -3.000000    5.000000     1.750000    100.000000
 2     1.750000     1.000000   -0.937500    -3.000000     2.090909    16.304344
 3     2.090909     1.750000   0.371901    -0.937500     1.994083    4.855676
 4     1.994083     2.090909   -0.023634    0.371901     1.999868    0.289292
 5     1.999868     1.994083   -0.000527    -0.023634     2.000000    0.006598
 6     2.000000     1.999868   0.000001    -0.000527     2.000000    0.000012
 7     2.000000     2.000000   0.000000    0.000001     2.000000    0.000000

La raiz es: 2.000000

